0	101
1	24
2	11
3	115
4	92
5	184
6	74
7	53
8	37
9	37
10	133
11	165
12	94
13	151
14	47
15	112
16	133
17	67
18	42
19	175
20	48
21	109
22	168
23	107
24	116
25	172
26	6
27	174
28	43
29	192
30	48
31	145
32	166
33	10
34	9
35	58
36	194
37	83
38	61
39	30
40	121
41	194
42	145
43	165
44	94
45	143
46	26
47	177
48	160
49	18
50	102
51	158
52	128
53	19
54	65
55	194
56	191
57	21
58	167
59	33
60	163
61	166
62	128
63	129
64	126
65	137
66	137
67	119
68	20
69	198
70	100
71	141
72	141
73	44
74	55
75	185
76	137
77	81
78	162
79	96
80	99
81	63
82	54
83	177
84	82
85	69
86	171
87	72
88	90
89	87
90	55
91	53
92	2
93	184
94	132
95	128
96	120
97	68
98	198
99	140
100	15
101	97
102	30
103	156
104	91
105	85
106	90
107	28
108	166
109	51
110	74
111	15
112	64
113	78
114	192
115	146
116	147
117	112
118	168
119	188
120	200
121	23
122	191
123	1
124	157
125	122
126	80
127	26
128	140
129	77
130	167
131	105
132	174
133	147
134	10
135	14
136	32
137	100
138	193
139	148
140	152
141	67
142	113
143	15
144	95
145	105
146	112
147	42
148	167
149	79
150	29
151	166
152	52
153	19
154	118
155	159
156	91
157	148
158	186
159	181
160	24
161	102
162	85
163	148
164	48
165	95
166	162
167	30
168	195
169	155
170	179
171	96
172	172
173	91
174	62
175	66
176	146
177	174
178	58
179	113
180	2
181	37
182	28
183	5
184	6
185	96
186	164
187	97
188	43
189	99
190	27
191	67
192	0
193	112
194	14
195	200
196	157
197	127
198	29
199	102
200	31
201	158
202	148
203	2
204	49
205	9
206	18
207	145
208	133
209	27
210	57
211	136
212	64
213	86
214	91
215	21
216	132
217	4
218	68
219	176
220	104
221	96
222	193
223	54
224	158
225	158
226	3
227	115
228	84
229	33
230	167
231	115
232	191
233	114
234	67
235	190
236	124
237	35
238	135
239	6
240	62
241	142
242	92
243	77
244	27
245	183
246	98
247	110
248	188
249	166
250	85
251	41
252	11
253	27
254	45
255	170
256	185
257	200
258	34
259	18
260	32
261	0
262	133
263	173
264	114
265	150
266	163
267	188
268	136
269	47
270	195
271	148
272	189
273	86
274	24
275	167
276	19
277	72
278	76
279	6
280	189
281	111
282	198
283	200
284	138
285	193
286	169
287	73
288	192
289	2
290	91
291	174
292	153
293	175
294	147
295	67
296	74
297	59
298	4
299	9
300	56
301	199
302	158
303	44
304	35
305	132
306	10
307	54
308	4
309	36
310	10
311	143
312	97
313	158
314	142
315	186
316	150
317	61
318	58
319	92
320	63
321	149
322	65
323	16
324	73
325	162
326	33
327	148
328	171
329	37
330	107
331	26
332	187
333	64
334	21
335	21
336	147
337	182
338	25
339	101
340	18
341	35
342	43
343	65
344	193
345	185
346	50
347	92
348	45
349	108
350	184
351	59
352	7
353	200
354	25
355	80
356	111
357	8
358	178
359	32
360	196
361	85
362	8
363	182
364	99
365	29
366	153
367	45
368	11
369	178
370	146
371	180
372	12
373	189
374	44
375	155
376	124
377	95
378	47
379	169
380	153
381	181
382	178
383	160
384	130
385	2
386	191
387	192
388	161
389	118
390	23
391	157
392	153
393	182
394	138
395	52
396	11
397	41
398	97
399	173
400	18
401	194
402	102
403	182
404	132
405	146
406	86
407	55
408	191
409	83
410	175
411	94
412	64
413	102
414	53
415	144
416	105
417	194
418	135
419	15
420	112
421	108
422	172
423	64
424	90
425	110
426	66
427	51
428	101
429	114
430	174
431	119
432	107
433	75
434	50
435	189
436	171
437	137
438	44
439	162
440	170
441	169
442	55
443	33
444	70
445	58
446	128
447	125
448	2
449	12
450	141
451	64
452	71
453	112
454	78
455	111
456	172
457	145
458	162
459	72
460	8
461	135
462	142
463	65
464	9
465	192
466	53
467	180
468	78
469	47
470	91
471	48
472	15
473	96
474	31
475	86
476	105
477	109
478	161
479	57
480	122
481	101
482	121
483	193
484	164
485	199
486	103
487	135
488	93
489	14
490	158
491	101
492	149
493	99
494	166
495	108
496	40
497	19
498	37
499	69
500	66
501	79
502	67
503	32
504	125
505	48
506	68
507	29
508	158
509	28
510	86
511	29
512	80
513	157
514	21
515	194
516	156
517	74
518	78
519	199
520	88
521	35
522	100
523	187
524	84
525	15
526	44
527	125
528	185
529	81
530	144
531	51
532	110
533	161
534	33
535	35
536	8
537	101
538	64
539	116
540	79
541	101
542	145
543	159
544	57
545	116
546	102
547	163
548	190
549	181
550	112
551	27
552	166
553	162
554	13
555	50
556	177
557	7
558	125
559	162
560	89
561	18
562	163
563	199
564	179
565	196
566	184
567	187
568	46
569	48
570	103
571	125
572	99
573	198
574	34
575	106
576	114
577	136
578	19
579	103
580	66
581	131
582	81
583	32
584	92
585	44
586	32
587	68
588	52
589	157
590	180
591	91
592	175
593	92
594	39
595	153
596	87
597	23
598	89
599	83
600	71
601	142
602	8
603	120
604	140
605	193
606	176
607	53
608	78
609	195
610	106
611	145
612	75
613	137
614	127
615	167
616	182
617	159
618	186
619	33
620	115
621	115
622	124
623	39
624	7
625	163
626	192
627	94
628	186
629	30
630	128
631	6
632	173
633	136
634	76
635	62
636	128
637	52
638	65
639	5
640	197
641	171
642	100
643	72
644	108
645	26
646	38
647	39
648	185
649	174
650	72
651	49
652	89
653	146
654	88
655	96
656	58
657	29
658	140
659	44
660	60
661	17
662	0
663	32
664	153
665	27
666	44
667	30
668	79
669	109
670	187
671	75
672	29
673	36
674	147
675	137
676	63
677	136
678	176
679	198
680	59
681	198
682	47
683	148
684	143
685	135
686	194
687	1
688	165
689	84
690	196
691	24
692	101
693	146
694	6
695	4
696	173
697	50
698	185
699	1
700	159
701	171
702	77
703	188
704	7
705	174
706	75
707	20
708	59
709	0
710	17
711	119
712	149
713	64
714	16
715	91
716	200
717	161
718	42
719	114
720	44
721	188
722	138
723	95
724	134
725	94
726	49
727	56
728	94
729	34
730	58
731	52
732	155
733	85
734	190
735	112
736	58
737	14
738	132
739	118
740	166
741	100
742	187
743	114
744	164
745	2
746	155
747	113
748	163
749	148
750	26
751	157
752	135
753	114
754	2
755	18
756	7
757	51
758	25
759	101
760	35
761	83
762	103
763	191
764	118
765	43
766	52
767	126
768	57
769	135
770	194
771	173
772	34
773	180
774	86
775	148
776	183
777	41
778	61
779	95
780	189
781	37
782	52
783	73
784	152
785	54
786	42
787	109
788	55
789	67
790	10
791	91
792	150
793	63
794	31
795	67
796	106
797	83
798	193
799	114
800	17
801	187
802	86
803	1
804	116
805	123
806	150
807	48
808	114
809	10
810	144
811	52
812	198
813	196
814	125
815	149
816	200
817	167
818	58
819	4
820	184
821	18
822	45
823	133
824	31
825	26
826	150
827	138
828	60
829	93
830	1
831	27
832	29
833	37
834	29
835	95
836	160
837	179
838	144
839	23
840	139
841	87
842	75
843	136
844	32
845	151
846	35
847	182
848	67
849	43
850	186
851	51
852	11
853	182
854	134
855	42
856	7
857	34
858	130
859	67
860	77
861	131
862	95
863	56
864	119
865	74
866	151
867	28
868	2
869	94
870	52
871	141
872	181
873	77
874	26
875	163
876	178
877	11
878	144
879	196
880	4
881	80
882	197
883	15
884	61
885	130
886	8
887	18
888	114
889	138
890	86
891	191
892	19
893	131
894	197
895	138
896	155
897	148
898	166
899	157
900	41
901	168
902	47
903	173
904	45
905	23
906	135
907	173
908	35
909	79
910	168
911	190
912	109
913	164
914	156
915	170
916	44
917	164
918	188
919	108
920	51
921	23
922	49
923	20
924	104
925	45
926	158
927	58
928	193
929	74
930	14
931	185
932	41
933	61
934	107
935	36
936	35
937	41
938	160
939	70
940	70
941	127
942	9
943	179
944	41
945	165
946	98
947	35
948	128
949	36
950	143
951	130
952	59
953	192
954	150
955	164
956	37
957	58
958	172
959	180
960	132
961	137
962	164
963	123
964	198
965	20
966	110
967	32
968	62
969	69
970	52
971	82
972	146
973	62
974	11
975	137
976	177
977	59
978	172
979	55
980	95
981	115
982	185
983	155
984	56
985	84
986	68
987	43
988	142
989	190
990	23
991	73
992	126
993	137
994	147
995	74
996	158
997	56
998	56
999	170
